tensor([[[1.0000e+00, 0.0000e+00, 0.0000e+00,  ..., 0.0000e+00,
          0.0000e+00, 0.0000e+00],
         [1.0000e+00, 0.0000e+00, 0.0000e+00,  ..., 0.0000e+00,
          0.0000e+00, 0.0000e+00],
         [1.0000e+00, 0.0000e+00, 0.0000e+00,  ..., 0.0000e+00,
          0.0000e+00, 0.0000e+00],
         ...,
         [1.0000e+00, 0.0000e+00, 0.0000e+00,  ..., 0.0000e+00,
          0.0000e+00, 0.0000e+00],
         [1.0000e+00, 0.0000e+00, 0.0000e+00,  ..., 0.0000e+00,
          0.0000e+00, 0.0000e+00],
         [1.0000e+00, 0.0000e+00, 0.0000e+00,  ..., 0.0000e+00,
          0.0000e+00, 0.0000e+00]],

        [[1.2032e-02, 2.0523e-03, 6.1750e-04,  ..., 0.0000e+00,
          0.0000e+00, 0.0000e+00],
         [1.2115e-02, 1.7986e-03, 6.7234e-04,  ..., 0.0000e+00,
          0.0000e+00, 0.0000e+00],
         [1.1597e-02, 1.8816e-03, 5.6601e-04,  ..., 0.0000e+00,
          0.0000e+00, 0.0000e+00],
         ...,
         [1.1871e-02, 1.6279e-03, 4.8733e-04,  ..., 0.0000e+00,
          0.0000e+00, 0.0000e+00],
         [1.1887e-02, 1.5888e-03, 4.8208e-04,  ..., 0.0000e+00,
          0.0000e+00, 0.0000e+00],
         [1.1978e-02, 1.6079e-03, 4.8208e-04,  ..., 0.0000e+00,
          0.0000e+00, 0.0000e+00]]], device='cuda:0', dtype=torch.float16)